{
 "cells": [
  {
   "cell_type": "markdown",
   "metadata": {},
   "source": [
    "# Perla Bot | Analytics\n",
    "## Correlational and inferential analysis\n",
    "### Perla beta 2, Aug 2020, raul@psicobotica.com \n",
    "\n",
    "<hr>\n",
    "About Perla: <a herf=\"https://www.psicobotica.com/productos/psicologia-clinica/psicobotica-perla/\">Perla Homepage at Psicobōtica</a>\n",
    "<hr> \n"
   ]
  },
  {
   "cell_type": "markdown",
   "metadata": {},
   "source": [
    "## Dataset with classes - load from file\n",
    "(direct load from github)\n",
    "\n"
   ]
  },
  {
   "cell_type": "code",
   "execution_count": 51,
   "metadata": {},
   "outputs": [],
   "source": [
    "# Loading the table (CSV)\n",
    "\n",
    "import pandas as pd \n",
    "\n",
    "# Using beta 2 dataset 3 version (with classses): \n",
    "perla_dataset_path = \"https://raw.githubusercontent.com/raul-arrabales/perla-bot/master/data/Perla-beta2-ds3-classes.csv\"\n",
    "\n",
    "perla_df = pd.read_csv(perla_dataset_path, header=0, delimiter=\";\") "
   ]
  },
  {
   "cell_type": "code",
   "execution_count": 52,
   "metadata": {},
   "outputs": [
    {
     "data": {
      "text/html": [
       "<div>\n",
       "<style scoped>\n",
       "    .dataframe tbody tr th:only-of-type {\n",
       "        vertical-align: middle;\n",
       "    }\n",
       "\n",
       "    .dataframe tbody tr th {\n",
       "        vertical-align: top;\n",
       "    }\n",
       "\n",
       "    .dataframe thead th {\n",
       "        text-align: right;\n",
       "    }\n",
       "</style>\n",
       "<table border=\"1\" class=\"dataframe\">\n",
       "  <thead>\n",
       "    <tr style=\"text-align: right;\">\n",
       "      <th></th>\n",
       "      <th>PI1</th>\n",
       "      <th>PI2</th>\n",
       "      <th>PI3</th>\n",
       "      <th>PI4</th>\n",
       "      <th>PI5</th>\n",
       "      <th>PI6</th>\n",
       "      <th>PI7</th>\n",
       "      <th>PI8</th>\n",
       "      <th>PI9</th>\n",
       "      <th>PPHQ9</th>\n",
       "      <th>...</th>\n",
       "      <th>I6</th>\n",
       "      <th>I7</th>\n",
       "      <th>I8</th>\n",
       "      <th>I9</th>\n",
       "      <th>Gender</th>\n",
       "      <th>Age</th>\n",
       "      <th>Code</th>\n",
       "      <th>Delay</th>\n",
       "      <th>PDepressed</th>\n",
       "      <th>Depressed</th>\n",
       "    </tr>\n",
       "  </thead>\n",
       "  <tbody>\n",
       "    <tr>\n",
       "      <th>0</th>\n",
       "      <td>0</td>\n",
       "      <td>1</td>\n",
       "      <td>0</td>\n",
       "      <td>2</td>\n",
       "      <td>0</td>\n",
       "      <td>0</td>\n",
       "      <td>0</td>\n",
       "      <td>0</td>\n",
       "      <td>0</td>\n",
       "      <td>3</td>\n",
       "      <td>...</td>\n",
       "      <td>0</td>\n",
       "      <td>0</td>\n",
       "      <td>0</td>\n",
       "      <td>0</td>\n",
       "      <td>2</td>\n",
       "      <td>44</td>\n",
       "      <td>4ba596c4aefd8188d00162bfef57967c</td>\n",
       "      <td>0</td>\n",
       "      <td>0</td>\n",
       "      <td>0</td>\n",
       "    </tr>\n",
       "    <tr>\n",
       "      <th>1</th>\n",
       "      <td>0</td>\n",
       "      <td>3</td>\n",
       "      <td>3</td>\n",
       "      <td>3</td>\n",
       "      <td>0</td>\n",
       "      <td>3</td>\n",
       "      <td>0</td>\n",
       "      <td>0</td>\n",
       "      <td>0</td>\n",
       "      <td>12</td>\n",
       "      <td>...</td>\n",
       "      <td>3</td>\n",
       "      <td>0</td>\n",
       "      <td>0</td>\n",
       "      <td>0</td>\n",
       "      <td>1</td>\n",
       "      <td>43</td>\n",
       "      <td>fef2bf388aa21eace80757369757689c</td>\n",
       "      <td>1</td>\n",
       "      <td>1</td>\n",
       "      <td>1</td>\n",
       "    </tr>\n",
       "    <tr>\n",
       "      <th>2</th>\n",
       "      <td>1</td>\n",
       "      <td>1</td>\n",
       "      <td>1</td>\n",
       "      <td>1</td>\n",
       "      <td>1</td>\n",
       "      <td>0</td>\n",
       "      <td>0</td>\n",
       "      <td>0</td>\n",
       "      <td>0</td>\n",
       "      <td>5</td>\n",
       "      <td>...</td>\n",
       "      <td>0</td>\n",
       "      <td>0</td>\n",
       "      <td>0</td>\n",
       "      <td>0</td>\n",
       "      <td>2</td>\n",
       "      <td>39</td>\n",
       "      <td>00feb0b1986f985dab9ba216069c7bfe</td>\n",
       "      <td>2</td>\n",
       "      <td>0</td>\n",
       "      <td>0</td>\n",
       "    </tr>\n",
       "    <tr>\n",
       "      <th>3</th>\n",
       "      <td>0</td>\n",
       "      <td>0</td>\n",
       "      <td>1</td>\n",
       "      <td>0</td>\n",
       "      <td>0</td>\n",
       "      <td>0</td>\n",
       "      <td>1</td>\n",
       "      <td>0</td>\n",
       "      <td>0</td>\n",
       "      <td>2</td>\n",
       "      <td>...</td>\n",
       "      <td>0</td>\n",
       "      <td>0</td>\n",
       "      <td>0</td>\n",
       "      <td>0</td>\n",
       "      <td>2</td>\n",
       "      <td>37</td>\n",
       "      <td>b712daeaf10b3aac08eb2a88bae125eb</td>\n",
       "      <td>1</td>\n",
       "      <td>0</td>\n",
       "      <td>0</td>\n",
       "    </tr>\n",
       "    <tr>\n",
       "      <th>4</th>\n",
       "      <td>0</td>\n",
       "      <td>0</td>\n",
       "      <td>0</td>\n",
       "      <td>1</td>\n",
       "      <td>0</td>\n",
       "      <td>1</td>\n",
       "      <td>0</td>\n",
       "      <td>0</td>\n",
       "      <td>0</td>\n",
       "      <td>2</td>\n",
       "      <td>...</td>\n",
       "      <td>1</td>\n",
       "      <td>0</td>\n",
       "      <td>0</td>\n",
       "      <td>0</td>\n",
       "      <td>1</td>\n",
       "      <td>43</td>\n",
       "      <td>608af5455da8c250a87f81a5ed5c1942</td>\n",
       "      <td>1</td>\n",
       "      <td>0</td>\n",
       "      <td>0</td>\n",
       "    </tr>\n",
       "  </tbody>\n",
       "</table>\n",
       "<p>5 rows × 26 columns</p>\n",
       "</div>"
      ],
      "text/plain": [
       "   PI1  PI2  PI3  PI4  PI5  PI6  PI7  PI8  PI9  PPHQ9  ...  I6  I7  I8  I9  \\\n",
       "0    0    1    0    2    0    0    0    0    0      3  ...   0   0   0   0   \n",
       "1    0    3    3    3    0    3    0    0    0     12  ...   3   0   0   0   \n",
       "2    1    1    1    1    1    0    0    0    0      5  ...   0   0   0   0   \n",
       "3    0    0    1    0    0    0    1    0    0      2  ...   0   0   0   0   \n",
       "4    0    0    0    1    0    1    0    0    0      2  ...   1   0   0   0   \n",
       "\n",
       "   Gender  Age                              Code  Delay  PDepressed  Depressed  \n",
       "0       2   44  4ba596c4aefd8188d00162bfef57967c      0           0          0  \n",
       "1       1   43  fef2bf388aa21eace80757369757689c      1           1          1  \n",
       "2       2   39  00feb0b1986f985dab9ba216069c7bfe      2           0          0  \n",
       "3       2   37  b712daeaf10b3aac08eb2a88bae125eb      1           0          0  \n",
       "4       1   43  608af5455da8c250a87f81a5ed5c1942      1           0          0  \n",
       "\n",
       "[5 rows x 26 columns]"
      ]
     },
     "execution_count": 52,
     "metadata": {},
     "output_type": "execute_result"
    }
   ],
   "source": [
    "# Checking data load\n",
    "perla_df.head()"
   ]
  },
  {
   "cell_type": "code",
   "execution_count": 53,
   "metadata": {},
   "outputs": [
    {
     "data": {
      "text/plain": [
       "PI1            int64\n",
       "PI2            int64\n",
       "PI3            int64\n",
       "PI4            int64\n",
       "PI5            int64\n",
       "PI6            int64\n",
       "PI7            int64\n",
       "PI8            int64\n",
       "PI9            int64\n",
       "PPHQ9          int64\n",
       "PHQ9           int64\n",
       "I1             int64\n",
       "I2             int64\n",
       "I3             int64\n",
       "I4             int64\n",
       "I5             int64\n",
       "I6             int64\n",
       "I7             int64\n",
       "I8             int64\n",
       "I9             int64\n",
       "Gender         int64\n",
       "Age            int64\n",
       "Code          object\n",
       "Delay          int64\n",
       "PDepressed     int64\n",
       "Depressed      int64\n",
       "dtype: object"
      ]
     },
     "execution_count": 53,
     "metadata": {},
     "output_type": "execute_result"
    }
   ],
   "source": [
    "# Checking types\n",
    "perla_df.dtypes"
   ]
  },
  {
   "cell_type": "code",
   "execution_count": 54,
   "metadata": {},
   "outputs": [
    {
     "data": {
      "text/plain": [
       "105"
      ]
     },
     "execution_count": 54,
     "metadata": {},
     "output_type": "execute_result"
    }
   ],
   "source": [
    "# Check number of qualified successfully anonymized participants\n",
    "perla_df.Code.count()"
   ]
  },
  {
   "cell_type": "code",
   "execution_count": 55,
   "metadata": {},
   "outputs": [
    {
     "data": {
      "text/html": [
       "<div>\n",
       "<style scoped>\n",
       "    .dataframe tbody tr th:only-of-type {\n",
       "        vertical-align: middle;\n",
       "    }\n",
       "\n",
       "    .dataframe tbody tr th {\n",
       "        vertical-align: top;\n",
       "    }\n",
       "\n",
       "    .dataframe thead th {\n",
       "        text-align: right;\n",
       "    }\n",
       "</style>\n",
       "<table border=\"1\" class=\"dataframe\">\n",
       "  <thead>\n",
       "    <tr style=\"text-align: right;\">\n",
       "      <th></th>\n",
       "      <th>PI1</th>\n",
       "      <th>PI2</th>\n",
       "      <th>PI3</th>\n",
       "      <th>PI4</th>\n",
       "      <th>PI5</th>\n",
       "      <th>PI6</th>\n",
       "      <th>PI7</th>\n",
       "      <th>PI8</th>\n",
       "      <th>PI9</th>\n",
       "      <th>PPHQ9</th>\n",
       "      <th>...</th>\n",
       "      <th>I6</th>\n",
       "      <th>I7</th>\n",
       "      <th>I8</th>\n",
       "      <th>I9</th>\n",
       "      <th>Gender</th>\n",
       "      <th>Age</th>\n",
       "      <th>Code</th>\n",
       "      <th>Delay</th>\n",
       "      <th>PDepressed</th>\n",
       "      <th>Depressed</th>\n",
       "    </tr>\n",
       "  </thead>\n",
       "  <tbody>\n",
       "  </tbody>\n",
       "</table>\n",
       "<p>0 rows × 26 columns</p>\n",
       "</div>"
      ],
      "text/plain": [
       "Empty DataFrame\n",
       "Columns: [PI1, PI2, PI3, PI4, PI5, PI6, PI7, PI8, PI9, PPHQ9, PHQ9, I1, I2, I3, I4, I5, I6, I7, I8, I9, Gender, Age, Code, Delay, PDepressed, Depressed]\n",
       "Index: []\n",
       "\n",
       "[0 rows x 26 columns]"
      ]
     },
     "execution_count": 55,
     "metadata": {},
     "output_type": "execute_result"
    }
   ],
   "source": [
    "# Check Nulls and NaNs\n",
    "perla_df[perla_df.isnull().any(axis=1)]"
   ]
  },
  {
   "cell_type": "markdown",
   "metadata": {},
   "source": [
    "## Correlational analysis\n",
    "Considering items scores as continuous variables"
   ]
  },
  {
   "cell_type": "code",
   "execution_count": 56,
   "metadata": {},
   "outputs": [],
   "source": [
    "import seaborn as sns\n",
    "import numpy as np\n",
    "from scipy.stats import f_oneway\n",
    "\n",
    "import matplotlib.pyplot as plt"
   ]
  },
  {
   "cell_type": "markdown",
   "metadata": {},
   "source": [
    "### Items correlation"
   ]
  },
  {
   "cell_type": "code",
   "execution_count": 57,
   "metadata": {},
   "outputs": [],
   "source": [
    "# Correlation matrix for items\n",
    "# PI(x) are the PHQ-9 items reported by Perla.\n",
    "# I(x) are the PHQ-9 items self-reported.\n",
    "items_corr = perla_df[[\"PI1\", \"PI2\", \"PI3\", \"PI4\", \"PI5\", \"PI6\", \"PI7\", \"PI8\", \"PI9\",\n",
    "                      \"I1\", \"I2\", \"I3\", \"I4\", \"I5\", \"I6\", \"I7\", \"I8\", \"I9\"]].corr()"
   ]
  },
  {
   "cell_type": "code",
   "execution_count": 58,
   "metadata": {},
   "outputs": [
    {
     "data": {
      "text/html": [
       "<div>\n",
       "<style scoped>\n",
       "    .dataframe tbody tr th:only-of-type {\n",
       "        vertical-align: middle;\n",
       "    }\n",
       "\n",
       "    .dataframe tbody tr th {\n",
       "        vertical-align: top;\n",
       "    }\n",
       "\n",
       "    .dataframe thead th {\n",
       "        text-align: right;\n",
       "    }\n",
       "</style>\n",
       "<table border=\"1\" class=\"dataframe\">\n",
       "  <thead>\n",
       "    <tr style=\"text-align: right;\">\n",
       "      <th></th>\n",
       "      <th>PI1</th>\n",
       "      <th>PI2</th>\n",
       "      <th>PI3</th>\n",
       "      <th>PI4</th>\n",
       "      <th>PI5</th>\n",
       "      <th>PI6</th>\n",
       "      <th>PI7</th>\n",
       "      <th>PI8</th>\n",
       "      <th>PI9</th>\n",
       "      <th>I1</th>\n",
       "      <th>I2</th>\n",
       "      <th>I3</th>\n",
       "      <th>I4</th>\n",
       "      <th>I5</th>\n",
       "      <th>I6</th>\n",
       "      <th>I7</th>\n",
       "      <th>I8</th>\n",
       "      <th>I9</th>\n",
       "    </tr>\n",
       "  </thead>\n",
       "  <tbody>\n",
       "    <tr>\n",
       "      <th>PI1</th>\n",
       "      <td>1.000000</td>\n",
       "      <td>0.602354</td>\n",
       "      <td>0.263900</td>\n",
       "      <td>0.479902</td>\n",
       "      <td>0.299255</td>\n",
       "      <td>0.499156</td>\n",
       "      <td>0.350408</td>\n",
       "      <td>0.374775</td>\n",
       "      <td>0.375764</td>\n",
       "      <td>0.636337</td>\n",
       "      <td>0.682074</td>\n",
       "      <td>0.357623</td>\n",
       "      <td>0.534450</td>\n",
       "      <td>0.460811</td>\n",
       "      <td>0.621919</td>\n",
       "      <td>0.458270</td>\n",
       "      <td>0.337586</td>\n",
       "      <td>0.377297</td>\n",
       "    </tr>\n",
       "    <tr>\n",
       "      <th>PI2</th>\n",
       "      <td>0.602354</td>\n",
       "      <td>1.000000</td>\n",
       "      <td>0.360973</td>\n",
       "      <td>0.411217</td>\n",
       "      <td>0.299220</td>\n",
       "      <td>0.616376</td>\n",
       "      <td>0.146155</td>\n",
       "      <td>0.408457</td>\n",
       "      <td>0.363971</td>\n",
       "      <td>0.476514</td>\n",
       "      <td>0.692622</td>\n",
       "      <td>0.459561</td>\n",
       "      <td>0.550569</td>\n",
       "      <td>0.412930</td>\n",
       "      <td>0.673812</td>\n",
       "      <td>0.352939</td>\n",
       "      <td>0.321717</td>\n",
       "      <td>0.408977</td>\n",
       "    </tr>\n",
       "    <tr>\n",
       "      <th>PI3</th>\n",
       "      <td>0.263900</td>\n",
       "      <td>0.360973</td>\n",
       "      <td>1.000000</td>\n",
       "      <td>0.320373</td>\n",
       "      <td>0.045416</td>\n",
       "      <td>0.388625</td>\n",
       "      <td>0.167650</td>\n",
       "      <td>0.270617</td>\n",
       "      <td>0.036792</td>\n",
       "      <td>0.253966</td>\n",
       "      <td>0.402727</td>\n",
       "      <td>0.786800</td>\n",
       "      <td>0.344911</td>\n",
       "      <td>0.288787</td>\n",
       "      <td>0.362434</td>\n",
       "      <td>0.153833</td>\n",
       "      <td>0.133463</td>\n",
       "      <td>0.155387</td>\n",
       "    </tr>\n",
       "    <tr>\n",
       "      <th>PI4</th>\n",
       "      <td>0.479902</td>\n",
       "      <td>0.411217</td>\n",
       "      <td>0.320373</td>\n",
       "      <td>1.000000</td>\n",
       "      <td>0.350344</td>\n",
       "      <td>0.548937</td>\n",
       "      <td>0.234842</td>\n",
       "      <td>0.263057</td>\n",
       "      <td>0.157480</td>\n",
       "      <td>0.454165</td>\n",
       "      <td>0.485312</td>\n",
       "      <td>0.332735</td>\n",
       "      <td>0.681563</td>\n",
       "      <td>0.358778</td>\n",
       "      <td>0.556783</td>\n",
       "      <td>0.292387</td>\n",
       "      <td>0.228151</td>\n",
       "      <td>0.136280</td>\n",
       "    </tr>\n",
       "    <tr>\n",
       "      <th>PI5</th>\n",
       "      <td>0.299255</td>\n",
       "      <td>0.299220</td>\n",
       "      <td>0.045416</td>\n",
       "      <td>0.350344</td>\n",
       "      <td>1.000000</td>\n",
       "      <td>0.306171</td>\n",
       "      <td>0.238506</td>\n",
       "      <td>0.320552</td>\n",
       "      <td>0.229075</td>\n",
       "      <td>0.208504</td>\n",
       "      <td>0.356659</td>\n",
       "      <td>0.230596</td>\n",
       "      <td>0.419236</td>\n",
       "      <td>0.621271</td>\n",
       "      <td>0.358428</td>\n",
       "      <td>0.353038</td>\n",
       "      <td>0.480739</td>\n",
       "      <td>0.172298</td>\n",
       "    </tr>\n",
       "    <tr>\n",
       "      <th>PI6</th>\n",
       "      <td>0.499156</td>\n",
       "      <td>0.616376</td>\n",
       "      <td>0.388625</td>\n",
       "      <td>0.548937</td>\n",
       "      <td>0.306171</td>\n",
       "      <td>1.000000</td>\n",
       "      <td>0.306309</td>\n",
       "      <td>0.399133</td>\n",
       "      <td>0.385783</td>\n",
       "      <td>0.457453</td>\n",
       "      <td>0.609673</td>\n",
       "      <td>0.482943</td>\n",
       "      <td>0.493273</td>\n",
       "      <td>0.505396</td>\n",
       "      <td>0.759043</td>\n",
       "      <td>0.445301</td>\n",
       "      <td>0.311486</td>\n",
       "      <td>0.401489</td>\n",
       "    </tr>\n",
       "    <tr>\n",
       "      <th>PI7</th>\n",
       "      <td>0.350408</td>\n",
       "      <td>0.146155</td>\n",
       "      <td>0.167650</td>\n",
       "      <td>0.234842</td>\n",
       "      <td>0.238506</td>\n",
       "      <td>0.306309</td>\n",
       "      <td>1.000000</td>\n",
       "      <td>0.167233</td>\n",
       "      <td>0.287644</td>\n",
       "      <td>0.375941</td>\n",
       "      <td>0.356440</td>\n",
       "      <td>0.125253</td>\n",
       "      <td>0.291856</td>\n",
       "      <td>0.362458</td>\n",
       "      <td>0.383117</td>\n",
       "      <td>0.644758</td>\n",
       "      <td>0.271962</td>\n",
       "      <td>0.343378</td>\n",
       "    </tr>\n",
       "    <tr>\n",
       "      <th>PI8</th>\n",
       "      <td>0.374775</td>\n",
       "      <td>0.408457</td>\n",
       "      <td>0.270617</td>\n",
       "      <td>0.263057</td>\n",
       "      <td>0.320552</td>\n",
       "      <td>0.399133</td>\n",
       "      <td>0.167233</td>\n",
       "      <td>1.000000</td>\n",
       "      <td>0.295587</td>\n",
       "      <td>0.290202</td>\n",
       "      <td>0.351253</td>\n",
       "      <td>0.347181</td>\n",
       "      <td>0.374607</td>\n",
       "      <td>0.454978</td>\n",
       "      <td>0.372020</td>\n",
       "      <td>0.290719</td>\n",
       "      <td>0.460965</td>\n",
       "      <td>0.300952</td>\n",
       "    </tr>\n",
       "    <tr>\n",
       "      <th>PI9</th>\n",
       "      <td>0.375764</td>\n",
       "      <td>0.363971</td>\n",
       "      <td>0.036792</td>\n",
       "      <td>0.157480</td>\n",
       "      <td>0.229075</td>\n",
       "      <td>0.385783</td>\n",
       "      <td>0.287644</td>\n",
       "      <td>0.295587</td>\n",
       "      <td>1.000000</td>\n",
       "      <td>0.262799</td>\n",
       "      <td>0.535760</td>\n",
       "      <td>0.117713</td>\n",
       "      <td>0.273033</td>\n",
       "      <td>0.282700</td>\n",
       "      <td>0.487698</td>\n",
       "      <td>0.448152</td>\n",
       "      <td>0.441884</td>\n",
       "      <td>0.855750</td>\n",
       "    </tr>\n",
       "    <tr>\n",
       "      <th>I1</th>\n",
       "      <td>0.636337</td>\n",
       "      <td>0.476514</td>\n",
       "      <td>0.253966</td>\n",
       "      <td>0.454165</td>\n",
       "      <td>0.208504</td>\n",
       "      <td>0.457453</td>\n",
       "      <td>0.375941</td>\n",
       "      <td>0.290202</td>\n",
       "      <td>0.262799</td>\n",
       "      <td>1.000000</td>\n",
       "      <td>0.625011</td>\n",
       "      <td>0.290410</td>\n",
       "      <td>0.467116</td>\n",
       "      <td>0.279992</td>\n",
       "      <td>0.514333</td>\n",
       "      <td>0.437695</td>\n",
       "      <td>0.289352</td>\n",
       "      <td>0.319983</td>\n",
       "    </tr>\n",
       "    <tr>\n",
       "      <th>I2</th>\n",
       "      <td>0.682074</td>\n",
       "      <td>0.692622</td>\n",
       "      <td>0.402727</td>\n",
       "      <td>0.485312</td>\n",
       "      <td>0.356659</td>\n",
       "      <td>0.609673</td>\n",
       "      <td>0.356440</td>\n",
       "      <td>0.351253</td>\n",
       "      <td>0.535760</td>\n",
       "      <td>0.625011</td>\n",
       "      <td>1.000000</td>\n",
       "      <td>0.457253</td>\n",
       "      <td>0.574895</td>\n",
       "      <td>0.508833</td>\n",
       "      <td>0.705805</td>\n",
       "      <td>0.515690</td>\n",
       "      <td>0.419931</td>\n",
       "      <td>0.584777</td>\n",
       "    </tr>\n",
       "    <tr>\n",
       "      <th>I3</th>\n",
       "      <td>0.357623</td>\n",
       "      <td>0.459561</td>\n",
       "      <td>0.786800</td>\n",
       "      <td>0.332735</td>\n",
       "      <td>0.230596</td>\n",
       "      <td>0.482943</td>\n",
       "      <td>0.125253</td>\n",
       "      <td>0.347181</td>\n",
       "      <td>0.117713</td>\n",
       "      <td>0.290410</td>\n",
       "      <td>0.457253</td>\n",
       "      <td>1.000000</td>\n",
       "      <td>0.393747</td>\n",
       "      <td>0.466668</td>\n",
       "      <td>0.439049</td>\n",
       "      <td>0.243686</td>\n",
       "      <td>0.232408</td>\n",
       "      <td>0.196862</td>\n",
       "    </tr>\n",
       "    <tr>\n",
       "      <th>I4</th>\n",
       "      <td>0.534450</td>\n",
       "      <td>0.550569</td>\n",
       "      <td>0.344911</td>\n",
       "      <td>0.681563</td>\n",
       "      <td>0.419236</td>\n",
       "      <td>0.493273</td>\n",
       "      <td>0.291856</td>\n",
       "      <td>0.374607</td>\n",
       "      <td>0.273033</td>\n",
       "      <td>0.467116</td>\n",
       "      <td>0.574895</td>\n",
       "      <td>0.393747</td>\n",
       "      <td>1.000000</td>\n",
       "      <td>0.484981</td>\n",
       "      <td>0.640043</td>\n",
       "      <td>0.407939</td>\n",
       "      <td>0.425644</td>\n",
       "      <td>0.299447</td>\n",
       "    </tr>\n",
       "    <tr>\n",
       "      <th>I5</th>\n",
       "      <td>0.460811</td>\n",
       "      <td>0.412930</td>\n",
       "      <td>0.288787</td>\n",
       "      <td>0.358778</td>\n",
       "      <td>0.621271</td>\n",
       "      <td>0.505396</td>\n",
       "      <td>0.362458</td>\n",
       "      <td>0.454978</td>\n",
       "      <td>0.282700</td>\n",
       "      <td>0.279992</td>\n",
       "      <td>0.508833</td>\n",
       "      <td>0.466668</td>\n",
       "      <td>0.484981</td>\n",
       "      <td>1.000000</td>\n",
       "      <td>0.491459</td>\n",
       "      <td>0.487997</td>\n",
       "      <td>0.514494</td>\n",
       "      <td>0.342644</td>\n",
       "    </tr>\n",
       "    <tr>\n",
       "      <th>I6</th>\n",
       "      <td>0.621919</td>\n",
       "      <td>0.673812</td>\n",
       "      <td>0.362434</td>\n",
       "      <td>0.556783</td>\n",
       "      <td>0.358428</td>\n",
       "      <td>0.759043</td>\n",
       "      <td>0.383117</td>\n",
       "      <td>0.372020</td>\n",
       "      <td>0.487698</td>\n",
       "      <td>0.514333</td>\n",
       "      <td>0.705805</td>\n",
       "      <td>0.439049</td>\n",
       "      <td>0.640043</td>\n",
       "      <td>0.491459</td>\n",
       "      <td>1.000000</td>\n",
       "      <td>0.542916</td>\n",
       "      <td>0.408947</td>\n",
       "      <td>0.534840</td>\n",
       "    </tr>\n",
       "    <tr>\n",
       "      <th>I7</th>\n",
       "      <td>0.458270</td>\n",
       "      <td>0.352939</td>\n",
       "      <td>0.153833</td>\n",
       "      <td>0.292387</td>\n",
       "      <td>0.353038</td>\n",
       "      <td>0.445301</td>\n",
       "      <td>0.644758</td>\n",
       "      <td>0.290719</td>\n",
       "      <td>0.448152</td>\n",
       "      <td>0.437695</td>\n",
       "      <td>0.515690</td>\n",
       "      <td>0.243686</td>\n",
       "      <td>0.407939</td>\n",
       "      <td>0.487997</td>\n",
       "      <td>0.542916</td>\n",
       "      <td>1.000000</td>\n",
       "      <td>0.529195</td>\n",
       "      <td>0.469011</td>\n",
       "    </tr>\n",
       "    <tr>\n",
       "      <th>I8</th>\n",
       "      <td>0.337586</td>\n",
       "      <td>0.321717</td>\n",
       "      <td>0.133463</td>\n",
       "      <td>0.228151</td>\n",
       "      <td>0.480739</td>\n",
       "      <td>0.311486</td>\n",
       "      <td>0.271962</td>\n",
       "      <td>0.460965</td>\n",
       "      <td>0.441884</td>\n",
       "      <td>0.289352</td>\n",
       "      <td>0.419931</td>\n",
       "      <td>0.232408</td>\n",
       "      <td>0.425644</td>\n",
       "      <td>0.514494</td>\n",
       "      <td>0.408947</td>\n",
       "      <td>0.529195</td>\n",
       "      <td>1.000000</td>\n",
       "      <td>0.464836</td>\n",
       "    </tr>\n",
       "    <tr>\n",
       "      <th>I9</th>\n",
       "      <td>0.377297</td>\n",
       "      <td>0.408977</td>\n",
       "      <td>0.155387</td>\n",
       "      <td>0.136280</td>\n",
       "      <td>0.172298</td>\n",
       "      <td>0.401489</td>\n",
       "      <td>0.343378</td>\n",
       "      <td>0.300952</td>\n",
       "      <td>0.855750</td>\n",
       "      <td>0.319983</td>\n",
       "      <td>0.584777</td>\n",
       "      <td>0.196862</td>\n",
       "      <td>0.299447</td>\n",
       "      <td>0.342644</td>\n",
       "      <td>0.534840</td>\n",
       "      <td>0.469011</td>\n",
       "      <td>0.464836</td>\n",
       "      <td>1.000000</td>\n",
       "    </tr>\n",
       "  </tbody>\n",
       "</table>\n",
       "</div>"
      ],
      "text/plain": [
       "          PI1       PI2       PI3       PI4       PI5       PI6       PI7  \\\n",
       "PI1  1.000000  0.602354  0.263900  0.479902  0.299255  0.499156  0.350408   \n",
       "PI2  0.602354  1.000000  0.360973  0.411217  0.299220  0.616376  0.146155   \n",
       "PI3  0.263900  0.360973  1.000000  0.320373  0.045416  0.388625  0.167650   \n",
       "PI4  0.479902  0.411217  0.320373  1.000000  0.350344  0.548937  0.234842   \n",
       "PI5  0.299255  0.299220  0.045416  0.350344  1.000000  0.306171  0.238506   \n",
       "PI6  0.499156  0.616376  0.388625  0.548937  0.306171  1.000000  0.306309   \n",
       "PI7  0.350408  0.146155  0.167650  0.234842  0.238506  0.306309  1.000000   \n",
       "PI8  0.374775  0.408457  0.270617  0.263057  0.320552  0.399133  0.167233   \n",
       "PI9  0.375764  0.363971  0.036792  0.157480  0.229075  0.385783  0.287644   \n",
       "I1   0.636337  0.476514  0.253966  0.454165  0.208504  0.457453  0.375941   \n",
       "I2   0.682074  0.692622  0.402727  0.485312  0.356659  0.609673  0.356440   \n",
       "I3   0.357623  0.459561  0.786800  0.332735  0.230596  0.482943  0.125253   \n",
       "I4   0.534450  0.550569  0.344911  0.681563  0.419236  0.493273  0.291856   \n",
       "I5   0.460811  0.412930  0.288787  0.358778  0.621271  0.505396  0.362458   \n",
       "I6   0.621919  0.673812  0.362434  0.556783  0.358428  0.759043  0.383117   \n",
       "I7   0.458270  0.352939  0.153833  0.292387  0.353038  0.445301  0.644758   \n",
       "I8   0.337586  0.321717  0.133463  0.228151  0.480739  0.311486  0.271962   \n",
       "I9   0.377297  0.408977  0.155387  0.136280  0.172298  0.401489  0.343378   \n",
       "\n",
       "          PI8       PI9        I1        I2        I3        I4        I5  \\\n",
       "PI1  0.374775  0.375764  0.636337  0.682074  0.357623  0.534450  0.460811   \n",
       "PI2  0.408457  0.363971  0.476514  0.692622  0.459561  0.550569  0.412930   \n",
       "PI3  0.270617  0.036792  0.253966  0.402727  0.786800  0.344911  0.288787   \n",
       "PI4  0.263057  0.157480  0.454165  0.485312  0.332735  0.681563  0.358778   \n",
       "PI5  0.320552  0.229075  0.208504  0.356659  0.230596  0.419236  0.621271   \n",
       "PI6  0.399133  0.385783  0.457453  0.609673  0.482943  0.493273  0.505396   \n",
       "PI7  0.167233  0.287644  0.375941  0.356440  0.125253  0.291856  0.362458   \n",
       "PI8  1.000000  0.295587  0.290202  0.351253  0.347181  0.374607  0.454978   \n",
       "PI9  0.295587  1.000000  0.262799  0.535760  0.117713  0.273033  0.282700   \n",
       "I1   0.290202  0.262799  1.000000  0.625011  0.290410  0.467116  0.279992   \n",
       "I2   0.351253  0.535760  0.625011  1.000000  0.457253  0.574895  0.508833   \n",
       "I3   0.347181  0.117713  0.290410  0.457253  1.000000  0.393747  0.466668   \n",
       "I4   0.374607  0.273033  0.467116  0.574895  0.393747  1.000000  0.484981   \n",
       "I5   0.454978  0.282700  0.279992  0.508833  0.466668  0.484981  1.000000   \n",
       "I6   0.372020  0.487698  0.514333  0.705805  0.439049  0.640043  0.491459   \n",
       "I7   0.290719  0.448152  0.437695  0.515690  0.243686  0.407939  0.487997   \n",
       "I8   0.460965  0.441884  0.289352  0.419931  0.232408  0.425644  0.514494   \n",
       "I9   0.300952  0.855750  0.319983  0.584777  0.196862  0.299447  0.342644   \n",
       "\n",
       "           I6        I7        I8        I9  \n",
       "PI1  0.621919  0.458270  0.337586  0.377297  \n",
       "PI2  0.673812  0.352939  0.321717  0.408977  \n",
       "PI3  0.362434  0.153833  0.133463  0.155387  \n",
       "PI4  0.556783  0.292387  0.228151  0.136280  \n",
       "PI5  0.358428  0.353038  0.480739  0.172298  \n",
       "PI6  0.759043  0.445301  0.311486  0.401489  \n",
       "PI7  0.383117  0.644758  0.271962  0.343378  \n",
       "PI8  0.372020  0.290719  0.460965  0.300952  \n",
       "PI9  0.487698  0.448152  0.441884  0.855750  \n",
       "I1   0.514333  0.437695  0.289352  0.319983  \n",
       "I2   0.705805  0.515690  0.419931  0.584777  \n",
       "I3   0.439049  0.243686  0.232408  0.196862  \n",
       "I4   0.640043  0.407939  0.425644  0.299447  \n",
       "I5   0.491459  0.487997  0.514494  0.342644  \n",
       "I6   1.000000  0.542916  0.408947  0.534840  \n",
       "I7   0.542916  1.000000  0.529195  0.469011  \n",
       "I8   0.408947  0.529195  1.000000  0.464836  \n",
       "I9   0.534840  0.469011  0.464836  1.000000  "
      ]
     },
     "execution_count": 58,
     "metadata": {},
     "output_type": "execute_result"
    }
   ],
   "source": [
    "items_corr"
   ]
  },
  {
   "cell_type": "code",
   "execution_count": 59,
   "metadata": {},
   "outputs": [
    {
     "data": {
      "text/html": [
       "<style  type=\"text/css\" >\n",
       "    #T_cf16f9c0_e5f9_11ea_b8d0_bd1473c30158row0_col0 {\n",
       "            background-color:  #0000ff;\n",
       "            color:  #f1f1f1;\n",
       "        }    #T_cf16f9c0_e5f9_11ea_b8d0_bd1473c30158row0_col1 {\n",
       "            background-color:  #6b6bff;\n",
       "            color:  #000000;\n",
       "        }    #T_cf16f9c0_e5f9_11ea_b8d0_bd1473c30158row0_col2 {\n",
       "            background-color:  #b0b0ff;\n",
       "            color:  #000000;\n",
       "        }    #T_cf16f9c0_e5f9_11ea_b8d0_bd1473c30158row0_col3 {\n",
       "            background-color:  #8b8bff;\n",
       "            color:  #000000;\n",
       "        }    #T_cf16f9c0_e5f9_11ea_b8d0_bd1473c30158row0_col4 {\n",
       "            background-color:  #a8a8ff;\n",
       "            color:  #000000;\n",
       "        }    #T_cf16f9c0_e5f9_11ea_b8d0_bd1473c30158row0_col5 {\n",
       "            background-color:  #a6a6ff;\n",
       "            color:  #000000;\n",
       "        }    #T_cf16f9c0_e5f9_11ea_b8d0_bd1473c30158row0_col6 {\n",
       "            background-color:  #ababff;\n",
       "            color:  #000000;\n",
       "        }    #T_cf16f9c0_e5f9_11ea_b8d0_bd1473c30158row0_col7 {\n",
       "            background-color:  #adadff;\n",
       "            color:  #000000;\n",
       "        }    #T_cf16f9c0_e5f9_11ea_b8d0_bd1473c30158row0_col8 {\n",
       "            background-color:  #9494ff;\n",
       "            color:  #000000;\n",
       "        }    #T_cf16f9c0_e5f9_11ea_b8d0_bd1473c30158row0_col9 {\n",
       "            background-color:  #6969ff;\n",
       "            color:  #000000;\n",
       "        }    #T_cf16f9c0_e5f9_11ea_b8d0_bd1473c30158row0_col10 {\n",
       "            background-color:  #7070ff;\n",
       "            color:  #000000;\n",
       "        }    #T_cf16f9c0_e5f9_11ea_b8d0_bd1473c30158row0_col11 {\n",
       "            background-color:  #a7a7ff;\n",
       "            color:  #000000;\n",
       "        }    #T_cf16f9c0_e5f9_11ea_b8d0_bd1473c30158row0_col12 {\n",
       "            background-color:  #9393ff;\n",
       "            color:  #000000;\n",
       "        }    #T_cf16f9c0_e5f9_11ea_b8d0_bd1473c30158row0_col13 {\n",
       "            background-color:  #acacff;\n",
       "            color:  #000000;\n",
       "        }    #T_cf16f9c0_e5f9_11ea_b8d0_bd1473c30158row0_col14 {\n",
       "            background-color:  #8787ff;\n",
       "            color:  #000000;\n",
       "        }    #T_cf16f9c0_e5f9_11ea_b8d0_bd1473c30158row0_col15 {\n",
       "            background-color:  #9393ff;\n",
       "            color:  #000000;\n",
       "        }    #T_cf16f9c0_e5f9_11ea_b8d0_bd1473c30158row0_col16 {\n",
       "            background-color:  #b0b0ff;\n",
       "            color:  #000000;\n",
       "        }    #T_cf16f9c0_e5f9_11ea_b8d0_bd1473c30158row0_col17 {\n",
       "            background-color:  #a6a6ff;\n",
       "            color:  #000000;\n",
       "        }    #T_cf16f9c0_e5f9_11ea_b8d0_bd1473c30158row1_col0 {\n",
       "            background-color:  #7c7cff;\n",
       "            color:  #000000;\n",
       "        }    #T_cf16f9c0_e5f9_11ea_b8d0_bd1473c30158row1_col1 {\n",
       "            background-color:  #0000ff;\n",
       "            color:  #f1f1f1;\n",
       "        }    #T_cf16f9c0_e5f9_11ea_b8d0_bd1473c30158row1_col2 {\n",
       "            background-color:  #9898ff;\n",
       "            color:  #000000;\n",
       "        }    #T_cf16f9c0_e5f9_11ea_b8d0_bd1473c30158row1_col3 {\n",
       "            background-color:  #9d9dff;\n",
       "            color:  #000000;\n",
       "        }    #T_cf16f9c0_e5f9_11ea_b8d0_bd1473c30158row1_col4 {\n",
       "            background-color:  #a8a8ff;\n",
       "            color:  #000000;\n",
       "        }    #T_cf16f9c0_e5f9_11ea_b8d0_bd1473c30158row1_col5 {\n",
       "            background-color:  #7f7fff;\n",
       "            color:  #000000;\n",
       "        }    #T_cf16f9c0_e5f9_11ea_b8d0_bd1473c30158row1_col6 {\n",
       "            background-color:  #e0e0ff;\n",
       "            color:  #000000;\n",
       "        }    #T_cf16f9c0_e5f9_11ea_b8d0_bd1473c30158row1_col7 {\n",
       "            background-color:  #a3a3ff;\n",
       "            color:  #000000;\n",
       "        }    #T_cf16f9c0_e5f9_11ea_b8d0_bd1473c30158row1_col8 {\n",
       "            background-color:  #9898ff;\n",
       "            color:  #000000;\n",
       "        }    #T_cf16f9c0_e5f9_11ea_b8d0_bd1473c30158row1_col9 {\n",
       "            background-color:  #9898ff;\n",
       "            color:  #000000;\n",
       "        }    #T_cf16f9c0_e5f9_11ea_b8d0_bd1473c30158row1_col10 {\n",
       "            background-color:  #6d6dff;\n",
       "            color:  #000000;\n",
       "        }    #T_cf16f9c0_e5f9_11ea_b8d0_bd1473c30158row1_col11 {\n",
       "            background-color:  #8c8cff;\n",
       "            color:  #000000;\n",
       "        }    #T_cf16f9c0_e5f9_11ea_b8d0_bd1473c30158row1_col12 {\n",
       "            background-color:  #8e8eff;\n",
       "            color:  #000000;\n",
       "        }    #T_cf16f9c0_e5f9_11ea_b8d0_bd1473c30158row1_col13 {\n",
       "            background-color:  #bbbbff;\n",
       "            color:  #000000;\n",
       "        }    #T_cf16f9c0_e5f9_11ea_b8d0_bd1473c30158row1_col14 {\n",
       "            background-color:  #7575ff;\n",
       "            color:  #000000;\n",
       "        }    #T_cf16f9c0_e5f9_11ea_b8d0_bd1473c30158row1_col15 {\n",
       "            background-color:  #b0b0ff;\n",
       "            color:  #000000;\n",
       "        }    #T_cf16f9c0_e5f9_11ea_b8d0_bd1473c30158row1_col16 {\n",
       "            background-color:  #b4b4ff;\n",
       "            color:  #000000;\n",
       "        }    #T_cf16f9c0_e5f9_11ea_b8d0_bd1473c30158row1_col17 {\n",
       "            background-color:  #9e9eff;\n",
       "            color:  #000000;\n",
       "        }    #T_cf16f9c0_e5f9_11ea_b8d0_bd1473c30158row2_col0 {\n",
       "            background-color:  #e5e5ff;\n",
       "            color:  #000000;\n",
       "        }    #T_cf16f9c0_e5f9_11ea_b8d0_bd1473c30158row2_col1 {\n",
       "            background-color:  #acacff;\n",
       "            color:  #000000;\n",
       "        }    #T_cf16f9c0_e5f9_11ea_b8d0_bd1473c30158row2_col2 {\n",
       "            background-color:  #0000ff;\n",
       "            color:  #f1f1f1;\n",
       "        }    #T_cf16f9c0_e5f9_11ea_b8d0_bd1473c30158row2_col3 {\n",
       "            background-color:  #b5b5ff;\n",
       "            color:  #000000;\n",
       "        }    #T_cf16f9c0_e5f9_11ea_b8d0_bd1473c30158row2_col4 {\n",
       "            background-color:  #e5e5ff;\n",
       "            color:  #000000;\n",
       "        }    #T_cf16f9c0_e5f9_11ea_b8d0_bd1473c30158row2_col5 {\n",
       "            background-color:  #cacaff;\n",
       "            color:  #000000;\n",
       "        }    #T_cf16f9c0_e5f9_11ea_b8d0_bd1473c30158row2_col6 {\n",
       "            background-color:  #dbdbff;\n",
       "            color:  #000000;\n",
       "        }    #T_cf16f9c0_e5f9_11ea_b8d0_bd1473c30158row2_col7 {\n",
       "            background-color:  #cacaff;\n",
       "            color:  #000000;\n",
       "        }    #T_cf16f9c0_e5f9_11ea_b8d0_bd1473c30158row2_col8 {\n",
       "            background-color:  #e5e5ff;\n",
       "            color:  #000000;\n",
       "        }    #T_cf16f9c0_e5f9_11ea_b8d0_bd1473c30158row2_col9 {\n",
       "            background-color:  #d9d9ff;\n",
       "            color:  #000000;\n",
       "        }    #T_cf16f9c0_e5f9_11ea_b8d0_bd1473c30158row2_col10 {\n",
       "            background-color:  #d3d3ff;\n",
       "            color:  #000000;\n",
       "        }    #T_cf16f9c0_e5f9_11ea_b8d0_bd1473c30158row2_col11 {\n",
       "            background-color:  #3737ff;\n",
       "            color:  #f1f1f1;\n",
       "        }    #T_cf16f9c0_e5f9_11ea_b8d0_bd1473c30158row2_col12 {\n",
       "            background-color:  #cfcfff;\n",
       "            color:  #000000;\n",
       "        }    #T_cf16f9c0_e5f9_11ea_b8d0_bd1473c30158row2_col13 {\n",
       "            background-color:  #e3e3ff;\n",
       "            color:  #000000;\n",
       "        }    #T_cf16f9c0_e5f9_11ea_b8d0_bd1473c30158row2_col14 {\n",
       "            background-color:  #e5e5ff;\n",
