{
 "cells": [
  {
   "cell_type": "markdown",
   "metadata": {},
   "source": [
    "# Perla Bot | Analytics\n",
    "## Correlational and inferential analysis\n",
    "### Perla beta 2, Aug 2020, raul@psicobotica.com \n",
    "\n",
    "<hr>\n",
    "About Perla: <a herf=\"https://www.psicobotica.com/productos/psicologia-clinica/psicobotica-perla/\">Perla Homepage at Psicobōtica</a>\n",
    "<hr> \n"
   ]
  },
  {
   "cell_type": "markdown",
   "metadata": {},
   "source": [
    "## Dataset with classes - load from file\n",
    "(direct load from github)\n",
    "\n"
   ]
  },
  {
   "cell_type": "code",
   "execution_count": 1,
   "metadata": {},
   "outputs": [],
   "source": [
    "# Loading the table (CSV)\n",
    "\n",
    "import pandas as pd \n",
    "\n",
    "# Using beta 2 dataset 3 version (with classses): \n",
    "perla_dataset_path = \"https://raw.githubusercontent.com/raul-arrabales/perla-bot/master/data/Perla-beta2-ds3-classes.csv\"\n",
    "\n",
    "perla_df = pd.read_csv(perla_dataset_path, header=0, delimiter=\";\") "
   ]
  },
  {
   "cell_type": "code",
   "execution_count": 2,
   "metadata": {},
   "outputs": [
    {
     "data": {
      "text/html": [
       "<div>\n",
       "<style scoped>\n",
       "    .dataframe tbody tr th:only-of-type {\n",
       "        vertical-align: middle;\n",
       "    }\n",
       "\n",
       "    .dataframe tbody tr th {\n",
       "        vertical-align: top;\n",
       "    }\n",
       "\n",
       "    .dataframe thead th {\n",
       "        text-align: right;\n",
       "    }\n",
       "</style>\n",
       "<table border=\"1\" class=\"dataframe\">\n",
       "  <thead>\n",
       "    <tr style=\"text-align: right;\">\n",
       "      <th></th>\n",
       "      <th>PI1</th>\n",
       "      <th>PI2</th>\n",
       "      <th>PI3</th>\n",
       "      <th>PI4</th>\n",
       "      <th>PI5</th>\n",
       "      <th>PI6</th>\n",
       "      <th>PI7</th>\n",
       "      <th>PI8</th>\n",
       "      <th>PI9</th>\n",
       "      <th>PPHQ9</th>\n",
       "      <th>...</th>\n",
       "      <th>I6</th>\n",
       "      <th>I7</th>\n",
       "      <th>I8</th>\n",
       "      <th>I9</th>\n",
       "      <th>Gender</th>\n",
       "      <th>Age</th>\n",
       "      <th>Code</th>\n",
       "      <th>Delay</th>\n",
       "      <th>PDepressed</th>\n",
       "      <th>Depressed</th>\n",
       "    </tr>\n",
       "  </thead>\n",
       "  <tbody>\n",
       "    <tr>\n",
       "      <th>0</th>\n",
       "      <td>0</td>\n",
       "      <td>1</td>\n",
       "      <td>0</td>\n",
       "      <td>2</td>\n",
       "      <td>0</td>\n",
       "      <td>0</td>\n",
       "      <td>0</td>\n",
       "      <td>0</td>\n",
       "      <td>0</td>\n",
       "      <td>3</td>\n",
       "      <td>...</td>\n",
       "      <td>0</td>\n",
       "      <td>0</td>\n",
       "      <td>0</td>\n",
       "      <td>0</td>\n",
       "      <td>2</td>\n",
       "      <td>44</td>\n",
       "      <td>4ba596c4aefd8188d00162bfef57967c</td>\n",
       "      <td>0</td>\n",
       "      <td>0</td>\n",
       "      <td>0</td>\n",
       "    </tr>\n",
       "    <tr>\n",
       "      <th>1</th>\n",
       "      <td>0</td>\n",
       "      <td>3</td>\n",
       "      <td>3</td>\n",
       "      <td>3</td>\n",
       "      <td>0</td>\n",
       "      <td>3</td>\n",
       "      <td>0</td>\n",
       "      <td>0</td>\n",
       "      <td>0</td>\n",
       "      <td>12</td>\n",
       "      <td>...</td>\n",
       "      <td>3</td>\n",
       "      <td>0</td>\n",
       "      <td>0</td>\n",
       "      <td>0</td>\n",
       "      <td>1</td>\n",
       "      <td>43</td>\n",
       "      <td>fef2bf388aa21eace80757369757689c</td>\n",
       "      <td>1</td>\n",
       "      <td>1</td>\n",
       "      <td>1</td>\n",
       "    </tr>\n",
       "    <tr>\n",
       "      <th>2</th>\n",
       "      <td>1</td>\n",
       "      <td>1</td>\n",
       "      <td>1</td>\n",
       "      <td>1</td>\n",
       "      <td>1</td>\n",
       "      <td>0</td>\n",
       "      <td>0</td>\n",
       "      <td>0</td>\n",
       "      <td>0</td>\n",
       "      <td>5</td>\n",
       "      <td>...</td>\n",
       "      <td>0</td>\n",
       "      <td>0</td>\n",
       "      <td>0</td>\n",
       "      <td>0</td>\n",
       "      <td>2</td>\n",
       "      <td>39</td>\n",
       "      <td>00feb0b1986f985dab9ba216069c7bfe</td>\n",
       "      <td>2</td>\n",
       "      <td>0</td>\n",
       "      <td>0</td>\n",
       "    </tr>\n",
       "    <tr>\n",
       "      <th>3</th>\n",
       "      <td>0</td>\n",
       "      <td>0</td>\n",
       "      <td>1</td>\n",
       "      <td>0</td>\n",
       "      <td>0</td>\n",
       "      <td>0</td>\n",
       "      <td>1</td>\n",
       "      <td>0</td>\n",
       "      <td>0</td>\n",
       "      <td>2</td>\n",
       "      <td>...</td>\n",
       "      <td>0</td>\n",
       "      <td>0</td>\n",
       "      <td>0</td>\n",
       "      <td>0</td>\n",
       "      <td>2</td>\n",
       "      <td>37</td>\n",
       "      <td>b712daeaf10b3aac08eb2a88bae125eb</td>\n",
       "      <td>1</td>\n",
       "      <td>0</td>\n",
       "      <td>0</td>\n",
       "    </tr>\n",
       "    <tr>\n",
       "      <th>4</th>\n",
       "      <td>0</td>\n",
       "      <td>0</td>\n",
       "      <td>0</td>\n",
       "      <td>1</td>\n",
       "      <td>0</td>\n",
       "      <td>1</td>\n",
       "      <td>0</td>\n",
       "      <td>0</td>\n",
       "      <td>0</td>\n",
       "      <td>2</td>\n",
       "      <td>...</td>\n",
       "      <td>1</td>\n",
       "      <td>0</td>\n",
       "      <td>0</td>\n",
       "      <td>0</td>\n",
       "      <td>1</td>\n",
       "      <td>43</td>\n",
       "      <td>608af5455da8c250a87f81a5ed5c1942</td>\n",
       "      <td>1</td>\n",
       "      <td>0</td>\n",
       "      <td>0</td>\n",
       "    </tr>\n",
       "  </tbody>\n",
       "</table>\n",
       "<p>5 rows × 26 columns</p>\n",
       "</div>"
      ],
      "text/plain": [
       "   PI1  PI2  PI3  PI4  PI5  PI6  PI7  PI8  PI9  PPHQ9  ...  I6  I7  I8  I9  \\\n",
       "0    0    1    0    2    0    0    0    0    0      3  ...   0   0   0   0   \n",
       "1    0    3    3    3    0    3    0    0    0     12  ...   3   0   0   0   \n",
       "2    1    1    1    1    1    0    0    0    0      5  ...   0   0   0   0   \n",
       "3    0    0    1    0    0    0    1    0    0      2  ...   0   0   0   0   \n",
       "4    0    0    0    1    0    1    0    0    0      2  ...   1   0   0   0   \n",
       "\n",
       "   Gender  Age                              Code  Delay  PDepressed  Depressed  \n",
       "0       2   44  4ba596c4aefd8188d00162bfef57967c      0           0          0  \n",
       "1       1   43  fef2bf388aa21eace80757369757689c      1           1          1  \n",
       "2       2   39  00feb0b1986f985dab9ba216069c7bfe      2           0          0  \n",
       "3       2   37  b712daeaf10b3aac08eb2a88bae125eb      1           0          0  \n",
       "4       1   43  608af5455da8c250a87f81a5ed5c1942      1           0          0  \n",
       "\n",
       "[5 rows x 26 columns]"
      ]
     },
     "execution_count": 2,
     "metadata": {},
     "output_type": "execute_result"
    }
   ],
   "source": [
    "# Checking data load\n",
    "perla_df.head()"
   ]
  },
  {
   "cell_type": "code",
   "execution_count": 3,
   "metadata": {},
   "outputs": [
    {
     "data": {
      "text/plain": [
       "PI1            int64\n",
       "PI2            int64\n",
       "PI3            int64\n",
       "PI4            int64\n",
       "PI5            int64\n",
       "PI6            int64\n",
       "PI7            int64\n",
       "PI8            int64\n",
       "PI9            int64\n",
       "PPHQ9          int64\n",
       "PHQ9           int64\n",
       "I1             int64\n",
       "I2             int64\n",
       "I3             int64\n",
       "I4             int64\n",
       "I5             int64\n",
       "I6             int64\n",
       "I7             int64\n",
       "I8             int64\n",
       "I9             int64\n",
       "Gender         int64\n",
       "Age            int64\n",
       "Code          object\n",
       "Delay          int64\n",
       "PDepressed     int64\n",
       "Depressed      int64\n",
       "dtype: object"
      ]
     },
     "execution_count": 3,
     "metadata": {},
     "output_type": "execute_result"
    }
   ],
   "source": [
    "# Checking types\n",
    "perla_df.dtypes"
   ]
  },
  {
   "cell_type": "code",
   "execution_count": 4,
   "metadata": {},
   "outputs": [
    {
     "data": {
      "text/plain": [
       "108"
      ]
     },
     "execution_count": 4,
     "metadata": {},
     "output_type": "execute_result"
    }
   ],
   "source": [
    "# Check number of qualified successfully anonymized participants\n",
    "perla_df.Code.count()"
   ]
  },
  {
   "cell_type": "code",
   "execution_count": 5,
   "metadata": {},
   "outputs": [
    {
     "data": {
      "text/html": [
       "<div>\n",
       "<style scoped>\n",
       "    .dataframe tbody tr th:only-of-type {\n",
       "        vertical-align: middle;\n",
       "    }\n",
       "\n",
       "    .dataframe tbody tr th {\n",
       "        vertical-align: top;\n",
       "    }\n",
       "\n",
       "    .dataframe thead th {\n",
       "        text-align: right;\n",
       "    }\n",
       "</style>\n",
       "<table border=\"1\" class=\"dataframe\">\n",
       "  <thead>\n",
       "    <tr style=\"text-align: right;\">\n",
       "      <th></th>\n",
       "      <th>PI1</th>\n",
       "      <th>PI2</th>\n",
       "      <th>PI3</th>\n",
       "      <th>PI4</th>\n",
       "      <th>PI5</th>\n",
       "      <th>PI6</th>\n",
       "      <th>PI7</th>\n",
       "      <th>PI8</th>\n",
       "      <th>PI9</th>\n",
       "      <th>PPHQ9</th>\n",
       "      <th>...</th>\n",
       "      <th>I6</th>\n",
       "      <th>I7</th>\n",
       "      <th>I8</th>\n",
       "      <th>I9</th>\n",
       "      <th>Gender</th>\n",
       "      <th>Age</th>\n",
       "      <th>Code</th>\n",
       "      <th>Delay</th>\n",
       "      <th>PDepressed</th>\n",
       "      <th>Depressed</th>\n",
       "    </tr>\n",
       "  </thead>\n",
       "  <tbody>\n",
       "  </tbody>\n",
       "</table>\n",
       "<p>0 rows × 26 columns</p>\n",
       "</div>"
      ],
      "text/plain": [
       "Empty DataFrame\n",
       "Columns: [PI1, PI2, PI3, PI4, PI5, PI6, PI7, PI8, PI9, PPHQ9, PHQ9, I1, I2, I3, I4, I5, I6, I7, I8, I9, Gender, Age, Code, Delay, PDepressed, Depressed]\n",
       "Index: []\n",
       "\n",
       "[0 rows x 26 columns]"
      ]
     },
     "execution_count": 5,
     "metadata": {},
     "output_type": "execute_result"
    }
   ],
   "source": [
    "# Check Nulls and NaNs\n",
    "perla_df[perla_df.isnull().any(axis=1)]"
   ]
  },
  {
   "cell_type": "markdown",
   "metadata": {},
   "source": [
    "## Correlational analysis\n",
    "Considering items scores as continuous variables"
   ]
  },
  {
   "cell_type": "code",
   "execution_count": 6,
   "metadata": {},
   "outputs": [],
   "source": [
    "import seaborn as sns\n",
    "import numpy as np\n",
    "from scipy.stats import f_oneway\n",
    "\n",
    "import matplotlib.pyplot as plt"
   ]
  },
  {
   "cell_type": "markdown",
   "metadata": {},
   "source": [
    "### Items correlation"
   ]
  },
  {
   "cell_type": "code",
   "execution_count": 7,
   "metadata": {},
   "outputs": [],
   "source": [
    "# Correlation matrix for items\n",
    "# PI(x) are the PHQ-9 items reported by Perla.\n",
    "# I(x) are the PHQ-9 items self-reported.\n",
    "items_corr = perla_df[[\"PI1\", \"PI2\", \"PI3\", \"PI4\", \"PI5\", \"PI6\", \"PI7\", \"PI8\", \"PI9\",\n",
    "                      \"I1\", \"I2\", \"I3\", \"I4\", \"I5\", \"I6\", \"I7\", \"I8\", \"I9\"]].corr()"
   ]
  },
  {
   "cell_type": "code",
   "execution_count": 8,
   "metadata": {},
   "outputs": [
    {
     "data": {
      "text/html": [
       "<div>\n",
       "<style scoped>\n",
       "    .dataframe tbody tr th:only-of-type {\n",
       "        vertical-align: middle;\n",
       "    }\n",
       "\n",
       "    .dataframe tbody tr th {\n",
       "        vertical-align: top;\n",
       "    }\n",
       "\n",
       "    .dataframe thead th {\n",
       "        text-align: right;\n",
       "    }\n",
       "</style>\n",
       "<table border=\"1\" class=\"dataframe\">\n",
       "  <thead>\n",
       "    <tr style=\"text-align: right;\">\n",
       "      <th></th>\n",
       "      <th>PI1</th>\n",
       "      <th>PI2</th>\n",
       "      <th>PI3</th>\n",
       "      <th>PI4</th>\n",
       "      <th>PI5</th>\n",
       "      <th>PI6</th>\n",
       "      <th>PI7</th>\n",
       "      <th>PI8</th>\n",
       "      <th>PI9</th>\n",
       "      <th>I1</th>\n",
       "      <th>I2</th>\n",
       "      <th>I3</th>\n",
       "      <th>I4</th>\n",
       "      <th>I5</th>\n",
       "      <th>I6</th>\n",
       "      <th>I7</th>\n",
       "      <th>I8</th>\n",
       "      <th>I9</th>\n",
       "    </tr>\n",
       "  </thead>\n",
       "  <tbody>\n",
       "    <tr>\n",
       "      <th>PI1</th>\n",
       "      <td>1.000000</td>\n",
       "      <td>0.570383</td>\n",
       "      <td>0.268084</td>\n",
       "      <td>0.477970</td>\n",
       "      <td>0.315552</td>\n",
       "      <td>0.461331</td>\n",
       "      <td>0.348453</td>\n",
       "      <td>0.346986</td>\n",
       "      <td>0.371463</td>\n",
       "      <td>0.648774</td>\n",
       "      <td>0.677124</td>\n",
       "      <td>0.342421</td>\n",
       "      <td>0.506993</td>\n",
       "      <td>0.441679</td>\n",
       "      <td>0.579507</td>\n",
       "      <td>0.438064</td>\n",
       "      <td>0.324460</td>\n",
       "      <td>0.368631</td>\n",
       "    </tr>\n",
       "    <tr>\n",
       "      <th>PI2</th>\n",
       "      <td>0.570383</td>\n",
       "      <td>1.000000</td>\n",
       "      <td>0.362386</td>\n",
       "      <td>0.406710</td>\n",
       "      <td>0.298109</td>\n",
       "      <td>0.616818</td>\n",
       "      <td>0.135564</td>\n",
       "      <td>0.410627</td>\n",
       "      <td>0.362641</td>\n",
       "      <td>0.458833</td>\n",
       "      <td>0.683872</td>\n",
       "      <td>0.463641</td>\n",
       "      <td>0.549385</td>\n",
       "      <td>0.412595</td>\n",
       "      <td>0.673587</td>\n",
       "      <td>0.353404</td>\n",
       "      <td>0.323145</td>\n",
       "      <td>0.408193</td>\n",
       "    </tr>\n",
       "    <tr>\n",
       "      <th>PI3</th>\n",
       "      <td>0.268084</td>\n",
       "      <td>0.362386</td>\n",
       "      <td>1.000000</td>\n",
       "      <td>0.338536</td>\n",
       "      <td>0.082679</td>\n",
       "      <td>0.390772</td>\n",
       "      <td>0.155937</td>\n",
       "      <td>0.276764</td>\n",
       "      <td>0.059914</td>\n",
       "      <td>0.251508</td>\n",
       "      <td>0.410433</td>\n",
       "      <td>0.789213</td>\n",
       "      <td>0.338009</td>\n",
       "      <td>0.306743</td>\n",
       "      <td>0.366209</td>\n",
       "      <td>0.177804</td>\n",
       "      <td>0.149885</td>\n",
       "      <td>0.173152</td>\n",
       "    </tr>\n",
       "    <tr>\n",
       "      <th>PI4</th>\n",
       "      <td>0.477970</td>\n",
       "      <td>0.406710</td>\n",
       "      <td>0.338536</td>\n",
       "      <td>1.000000</td>\n",
       "      <td>0.371512</td>\n",
       "      <td>0.545446</td>\n",
       "      <td>0.229304</td>\n",
       "      <td>0.266831</td>\n",
       "      <td>0.176265</td>\n",
       "      <td>0.452402</td>\n",
       "      <td>0.493696</td>\n",
       "      <td>0.341098</td>\n",
       "      <td>0.670296</td>\n",
       "      <td>0.372565</td>\n",
       "      <td>0.554068</td>\n",
       "      <td>0.309250</td>\n",
       "      <td>0.240480</td>\n",
       "      <td>0.152979</td>\n",
       "    </tr>\n",
       "    <tr>\n",
       "      <th>PI5</th>\n",
       "      <td>0.315552</td>\n",
       "      <td>0.298109</td>\n",
       "      <td>0.082679</td>\n",
       "      <td>0.371512</td>\n",
       "      <td>1.000000</td>\n",
       "      <td>0.305147</td>\n",
       "      <td>0.226445</td>\n",
       "      <td>0.321459</td>\n",
       "      <td>0.249727</td>\n",
       "      <td>0.216089</td>\n",
       "      <td>0.369378</td>\n",
       "      <td>0.247094</td>\n",
       "      <td>0.406378</td>\n",
       "      <td>0.627432</td>\n",
       "      <td>0.357134</td>\n",
       "      <td>0.370679</td>\n",
       "      <td>0.486973</td>\n",
       "      <td>0.191476</td>\n",
       "    </tr>\n",
       "    <tr>\n",
       "      <th>PI6</th>\n",
       "      <td>0.461331</td>\n",
       "      <td>0.616818</td>\n",
       "      <td>0.390772</td>\n",
       "      <td>0.545446</td>\n",
       "      <td>0.305147</td>\n",
       "      <td>1.000000</td>\n",
       "      <td>0.294841</td>\n",
       "      <td>0.405403</td>\n",
       "      <td>0.388040</td>\n",
       "      <td>0.435017</td>\n",
       "      <td>0.602144</td>\n",
       "      <td>0.486682</td>\n",
       "      <td>0.492265</td>\n",
       "      <td>0.509081</td>\n",
       "      <td>0.761859</td>\n",
       "      <td>0.450304</td>\n",
       "      <td>0.317352</td>\n",
       "      <td>0.404654</td>\n",
       "    </tr>\n",
       "    <tr>\n",
       "      <th>PI7</th>\n",
       "      <td>0.348453</td>\n",
       "      <td>0.135564</td>\n",
       "      <td>0.155937</td>\n",
       "      <td>0.229304</td>\n",
       "      <td>0.226445</td>\n",
       "      <td>0.294841</td>\n",
       "      <td>1.000000</td>\n",
       "      <td>0.158453</td>\n",
       "      <td>0.280550</td>\n",
       "      <td>0.380491</td>\n",
       "      <td>0.354721</td>\n",
       "      <td>0.112667</td>\n",
       "      <td>0.288258</td>\n",
       "      <td>0.349728</td>\n",
       "      <td>0.370624</td>\n",
       "      <td>0.624765</td>\n",
       "      <td>0.263633</td>\n",
       "      <td>0.335290</td>\n",
       "    </tr>\n",
       "    <tr>\n",
       "      <th>PI8</th>\n",
       "      <td>0.346986</td>\n",
       "      <td>0.410627</td>\n",
       "      <td>0.276764</td>\n",
       "      <td>0.266831</td>\n",
       "      <td>0.321459</td>\n",
       "      <td>0.405403</td>\n",
       "      <td>0.158453</td>\n",
       "      <td>1.000000</td>\n",
       "      <td>0.300444</td>\n",
       "      <td>0.274372</td>\n",
       "      <td>0.349073</td>\n",
       "      <td>0.353237</td>\n",
       "      <td>0.374174</td>\n",
       "      <td>0.460323</td>\n",
       "      <td>0.378821</td>\n",
       "      <td>0.299509</td>\n",
       "      <td>0.465562</td>\n",
       "      <td>0.306368</td>\n",
       "    </tr>\n",
       "    <tr>\n",
       "      <th>PI9</th>\n",
       "      <td>0.371463</td>\n",
       "      <td>0.362641</td>\n",
       "      <td>0.059914</td>\n",
       "      <td>0.176265</td>\n",
       "      <td>0.249727</td>\n",
       "      <td>0.388040</td>\n",
       "      <td>0.280550</td>\n",
       "      <td>0.300444</td>\n",
       "      <td>1.000000</td>\n",
       "      <td>0.261886</td>\n",
       "      <td>0.541019</td>\n",
       "      <td>0.130464</td>\n",
       "      <td>0.269408</td>\n",
       "      <td>0.297285</td>\n",
       "      <td>0.489158</td>\n",
       "      <td>0.459968</td>\n",
       "      <td>0.450021</td>\n",
       "      <td>0.858035</td>\n",
       "    </tr>\n",
       "    <tr>\n",
       "      <th>I1</th>\n",
       "      <td>0.648774</td>\n",
       "      <td>0.458833</td>\n",
       "      <td>0.251508</td>\n",
       "      <td>0.452402</td>\n",
       "      <td>0.216089</td>\n",
       "      <td>0.435017</td>\n",
       "      <td>0.380491</td>\n",
       "      <td>0.274372</td>\n",
       "      <td>0.261886</td>\n",
       "      <td>1.000000</td>\n",
       "      <td>0.625807</td>\n",
       "      <td>0.278532</td>\n",
       "      <td>0.454932</td>\n",
       "      <td>0.270952</td>\n",
       "      <td>0.490984</td>\n",
       "      <td>0.422827</td>\n",
       "      <td>0.281318</td>\n",
       "      <td>0.315184</td>\n",
       "    </tr>\n",
       "    <tr>\n",
       "      <th>I2</th>\n",
       "      <td>0.677124</td>\n",
       "      <td>0.683872</td>\n",
       "      <td>0.410433</td>\n",
       "      <td>0.493696</td>\n",
       "      <td>0.369378</td>\n",
       "      <td>0.602144</td>\n",
       "      <td>0.354721</td>\n",
       "      <td>0.349073</td>\n",
       "      <td>0.541019</td>\n",
       "      <td>0.625807</td>\n",
       "      <td>1.000000</td>\n",
       "      <td>0.457345</td>\n",
       "      <td>0.568077</td>\n",
       "      <td>0.511620</td>\n",
       "      <td>0.697547</td>\n",
       "      <td>0.518143</td>\n",
       "      <td>0.423191</td>\n",
       "      <td>0.587832</td>\n",
       "    </tr>\n",
       "    <tr>\n",
       "      <th>I3</th>\n",
       "      <td>0.342421</td>\n",
       "      <td>0.463641</td>\n",
       "      <td>0.789213</td>\n",
       "      <td>0.341098</td>\n",
       "      <td>0.247094</td>\n",
       "      <td>0.486682</td>\n",
       "      <td>0.112667</td>\n",
       "      <td>0.353237</td>\n",
       "      <td>0.130464</td>\n",
       "      <td>0.278532</td>\n",
       "      <td>0.457345</td>\n",
       "      <td>1.000000</td>\n",
       "      <td>0.390538</td>\n",
       "      <td>0.475048</td>\n",
       "      <td>0.443985</td>\n",
       "      <td>0.258131</td>\n",
       "      <td>0.242541</td>\n",
       "      <td>0.207598</td>\n",
       "    </tr>\n",
       "    <tr>\n",
       "      <th>I4</th>\n",
       "      <td>0.506993</td>\n",
       "      <td>0.549385</td>\n",
       "      <td>0.338009</td>\n",
       "      <td>0.670296</td>\n",
       "      <td>0.406378</td>\n",
       "      <td>0.492265</td>\n",
       "      <td>0.288258</td>\n",
       "      <td>0.374174</td>\n",
       "      <td>0.269408</td>\n",
       "      <td>0.454932</td>\n",
       "      <td>0.568077</td>\n",
       "      <td>0.390538</td>\n",
       "      <td>1.000000</td>\n",
       "      <td>0.479089</td>\n",
       "      <td>0.637859</td>\n",
       "      <td>0.402068</td>\n",
       "      <td>0.422827</td>\n",
       "      <td>0.296601</td>\n",
       "    </tr>\n",
       "    <tr>\n",
       "      <th>I5</th>\n",
       "      <td>0.441679</td>\n",
       "      <td>0.412595</td>\n",
       "      <td>0.306743</td>\n",
       "      <td>0.372565</td>\n",
       "      <td>0.627432</td>\n",
       "      <td>0.509081</td>\n",
       "      <td>0.349728</td>\n",
       "      <td>0.460323</td>\n",
       "      <td>0.297285</td>\n",
       "      <td>0.270952</td>\n",
       "      <td>0.511620</td>\n",
       "      <td>0.475048</td>\n",
       "      <td>0.479089</td>\n",
       "      <td>1.000000</td>\n",
       "      <td>0.496186</td>\n",
       "      <td>0.501570</td>\n",
       "      <td>0.522922</td>\n",
       "      <td>0.354943</td>\n",
       "    </tr>\n",
       "    <tr>\n",
       "      <th>I6</th>\n",
       "      <td>0.579507</td>\n",
       "      <td>0.673587</td>\n",
       "      <td>0.366209</td>\n",
       "      <td>0.554068</td>\n",
       "      <td>0.357134</td>\n",
       "      <td>0.761859</td>\n",
       "      <td>0.370624</td>\n",
       "      <td>0.378821</td>\n",
       "      <td>0.489158</td>\n",
       "      <td>0.490984</td>\n",
       "      <td>0.697547</td>\n",
       "      <td>0.443985</td>\n",
       "      <td>0.637859</td>\n",
       "      <td>0.496186</td>\n",
       "      <td>1.000000</td>\n",
       "      <td>0.546794</td>\n",
       "      <td>0.414160</td>\n",
       "      <td>0.536844</td>\n",
       "    </tr>\n",
       "    <tr>\n",
       "      <th>I7</th>\n",
       "      <td>0.438064</td>\n",
       "      <td>0.353404</td>\n",
       "      <td>0.177804</td>\n",
       "      <td>0.309250</td>\n",
       "      <td>0.370679</td>\n",
       "      <td>0.450304</td>\n",
       "      <td>0.624765</td>\n",
       "      <td>0.299509</td>\n",
       "      <td>0.459968</td>\n",
       "      <td>0.422827</td>\n",
       "      <td>0.518143</td>\n",
       "      <td>0.258131</td>\n",
       "      <td>0.402068</td>\n",
       "      <td>0.501570</td>\n",
       "      <td>0.546794</td>\n",
       "      <td>1.000000</td>\n",
       "      <td>0.537797</td>\n",
       "      <td>0.479446</td>\n",
       "    </tr>\n",
       "    <tr>\n",
       "      <th>I8</th>\n",
       "      <td>0.324460</td>\n",
       "      <td>0.323145</td>\n",
       "      <td>0.149885</td>\n",
       "      <td>0.240480</td>\n",
       "      <td>0.486973</td>\n",
       "      <td>0.317352</td>\n",
       "      <td>0.263633</td>\n",
       "      <td>0.465562</td>\n",
       "      <td>0.450021</td>\n",
       "      <td>0.281318</td>\n",
       "      <td>0.423191</td>\n",
       "      <td>0.242541</td>\n",
       "      <td>0.422827</td>\n",
       "      <td>0.522922</td>\n",
       "      <td>0.414160</td>\n",
       "      <td>0.537797</td>\n",
       "      <td>1.000000</td>\n",
       "      <td>0.472315</td>\n",
       "    </tr>\n",
       "    <tr>\n",
       "      <th>I9</th>\n",
       "      <td>0.368631</td>\n",
       "      <td>0.408193</td>\n",
       "      <td>0.173152</td>\n",
       "      <td>0.152979</td>\n",
       "      <td>0.191476</td>\n",
       "      <td>0.404654</td>\n",
       "      <td>0.335290</td>\n",
       "      <td>0.306368</td>\n",
       "      <td>0.858035</td>\n",
       "      <td>0.315184</td>\n",
       "      <td>0.587832</td>\n",
       "      <td>0.207598</td>\n",
       "      <td>0.296601</td>\n",
       "      <td>0.354943</td>\n",
       "      <td>0.536844</td>\n",
       "      <td>0.479446</td>\n",
       "      <td>0.472315</td>\n",
       "      <td>1.000000</td>\n",
       "    </tr>\n",
       "  </tbody>\n",
       "</table>\n",
       "</div>"
      ],
      "text/plain": [
       "          PI1       PI2       PI3       PI4       PI5       PI6       PI7  \\\n",
       "PI1  1.000000  0.570383  0.268084  0.477970  0.315552  0.461331  0.348453   \n",
       "PI2  0.570383  1.000000  0.362386  0.406710  0.298109  0.616818  0.135564   \n",
       "PI3  0.268084  0.362386  1.000000  0.338536  0.082679  0.390772  0.155937   \n",
       "PI4  0.477970  0.406710  0.338536  1.000000  0.371512  0.545446  0.229304   \n",
       "PI5  0.315552  0.298109  0.082679  0.371512  1.000000  0.305147  0.226445   \n",
       "PI6  0.461331  0.616818  0.390772  0.545446  0.305147  1.000000  0.294841   \n",
       "PI7  0.348453  0.135564  0.155937  0.229304  0.226445  0.294841  1.000000   \n",
       "PI8  0.346986  0.410627  0.276764  0.266831  0.321459  0.405403  0.158453   \n",
       "PI9  0.371463  0.362641  0.059914  0.176265  0.249727  0.388040  0.280550   \n",
       "I1   0.648774  0.458833  0.251508  0.452402  0.216089  0.435017  0.380491   \n",
       "I2   0.677124  0.683872  0.410433  0.493696  0.369378  0.602144  0.354721   \n",
       "I3   0.342421  0.463641  0.789213  0.341098  0.247094  0.486682  0.112667   \n",
       "I4   0.506993  0.549385  0.338009  0.670296  0.406378  0.492265  0.288258   \n",
       "I5   0.441679  0.412595  0.306743  0.372565  0.627432  0.509081  0.349728   \n",
       "I6   0.579507  0.673587  0.366209  0.554068  0.357134  0.761859  0.370624   \n",
       "I7   0.438064  0.353404  0.177804  0.309250  0.370679  0.450304  0.624765   \n",
       "I8   0.324460  0.323145  0.149885  0.240480  0.486973  0.317352  0.263633   \n",
       "I9   0.368631  0.408193  0.173152  0.152979  0.191476  0.404654  0.335290   \n",
       "\n",
       "          PI8       PI9        I1        I2        I3        I4        I5  \\\n",
       "PI1  0.346986  0.371463  0.648774  0.677124  0.342421  0.506993  0.441679   \n",
       "PI2  0.410627  0.362641  0.458833  0.683872  0.463641  0.549385  0.412595   \n",
       "PI3  0.276764  0.059914  0.251508  0.410433  0.789213  0.338009  0.306743   \n",
       "PI4  0.266831  0.176265  0.452402  0.493696  0.341098  0.670296  0.372565   \n",
       "PI5  0.321459  0.249727  0.216089  0.369378  0.247094  0.406378  0.627432   \n",
       "PI6  0.405403  0.388040  0.435017  0.602144  0.486682  0.492265  0.509081   \n",
       "PI7  0.158453  0.280550  0.380491  0.354721  0.112667  0.288258  0.349728   \n",
       "PI8  1.000000  0.300444  0.274372  0.349073  0.353237  0.374174  0.460323   \n",
       "PI9  0.300444  1.000000  0.261886  0.541019  0.130464  0.269408  0.297285   \n",
       "I1   0.274372  0.261886  1.000000  0.625807  0.278532  0.454932  0.270952   \n",
       "I2   0.349073  0.541019  0.625807  1.000000  0.457345  0.568077  0.511620   \n",
       "I3   0.353237  0.130464  0.278532  0.457345  1.000000  0.390538  0.475048   \n",
       "I4   0.374174  0.269408  0.454932  0.568077  0.390538  1.000000  0.479089   \n",
       "I5   0.460323  0.297285  0.270952  0.511620  0.475048  0.479089  1.000000   \n",
       "I6   0.378821  0.489158  0.490984  0.697547  0.443985  0.637859  0.496186   \n",
       "I7   0.299509  0.459968  0.422827  0.518143  0.258131  0.402068  0.501570   \n",
       "I8   0.465562  0.450021  0.281318  0.423191  0.242541  0.422827  0.522922   \n",
       "I9   0.306368  0.858035  0.315184  0.587832  0.207598  0.296601  0.354943   \n",
       "\n",
       "           I6        I7        I8        I9  \n",
       "PI1  0.579507  0.438064  0.324460  0.368631  \n",
       "PI2  0.673587  0.353404  0.323145  0.408193  \n",
       "PI3  0.366209  0.177804  0.149885  0.173152  \n",
       "PI4  0.554068  0.309250  0.240480  0.152979  \n",
       "PI5  0.357134  0.370679  0.486973  0.191476  \n",
       "PI6  0.761859  0.450304  0.317352  0.404654  \n",
       "PI7  0.370624  0.624765  0.263633  0.335290  \n",
       "PI8  0.378821  0.299509  0.465562  0.306368  \n",
       "PI9  0.489158  0.459968  0.450021  0.858035  \n",
       "I1   0.490984  0.422827  0.281318  0.315184  \n",
       "I2   0.697547  0.518143  0.423191  0.587832  \n",
       "I3   0.443985  0.258131  0.242541  0.207598  \n",
       "I4   0.637859  0.402068  0.422827  0.296601  \n",
       "I5   0.496186  0.501570  0.522922  0.354943  \n",
       "I6   1.000000  0.546794  0.414160  0.536844  \n",
       "I7   0.546794  1.000000  0.537797  0.479446  \n",
       "I8   0.414160  0.537797  1.000000  0.472315  \n",
       "I9   0.536844  0.479446  0.472315  1.000000  "
      ]
     },
     "execution_count": 8,
     "metadata": {},
     "output_type": "execute_result"
    }
   ],
   "source": [
    "items_corr"
   ]
  },
  {
   "cell_type": "code",
   "execution_count": 9,
   "metadata": {},
   "outputs": [
    {
     "data": {
      "text/html": [
       "<style  type=\"text/css\" >\n",
       "    #T_dd6a93ee_e868_11ea_99c9_bd1473c30158row0_col0 {\n",
       "            background-color:  #0000ff;\n",
       "            color:  #f1f1f1;\n",
       "        }    #T_dd6a93ee_e868_11ea_99c9_bd1473c30158row0_col1 {\n",
       "            background-color:  #7272ff;\n",
       "            color:  #000000;\n",
       "        }    #T_dd6a93ee_e868_11ea_99c9_bd1473c30158row0_col2 {\n",
       "            background-color:  #b3b3ff;\n",
       "            color:  #000000;\n",
       "        }    #T_dd6a93ee_e868_11ea_99c9_bd1473c30158row0_col3 {\n",
       "            background-color:  #8d8dff;\n",
       "            color:  #000000;\n",
       "        }    #T_dd6a93ee_e868_11ea_99c9_bd1473c30158row0_col4 {\n",
       "            background-color:  #acacff;\n",
       "            color:  #000000;\n",
       "        }    #T_dd6a93ee_e868_11ea_99c9_bd1473c30158row0_col5 {\n",
       "            background-color:  #b0b0ff;\n",
       "            color:  #000000;\n",
       "        }    #T_dd6a93ee_e868_11ea_99c9_bd1473c30158row0_col6 {\n",
       "            background-color:  #a8a8ff;\n",
       "            color:  #000000;\n",
       "        }    #T_dd6a93ee_e868_11ea_99c9_bd1473c30158row0_col7 {\n",
       "            background-color:  #b2b2ff;\n",
       "            color:  #000000;\n",
       "        }    #T_dd6a93ee_e868_11ea_99c9_bd1473c30158row0_col8 {\n",
       "            background-color:  #9a9aff;\n",
       "            color:  #000000;\n",
       "        }    #T_dd6a93ee_e868_11ea_99c9_bd1473c30158row0_col9 {\n",
       "            background-color:  #6767ff;\n",
       "            color:  #000000;\n",
       "        }    #T_dd6a93ee_e868_11ea_99c9_bd1473c30158row0_col10 {\n",
       "            background-color:  #7171ff;\n",
       "            color:  #000000;\n",
       "        }    #T_dd6a93ee_e868_11ea_99c9_bd1473c30158row0_col11 {\n",
       "            background-color:  #aaaaff;\n",
       "            color:  #000000;\n",
       "        }    #T_dd6a93ee_e868_11ea_99c9_bd1473c30158row0_col12 {\n",
       "            background-color:  #9b9bff;\n",
       "            color:  #000000;\n",
       "        }    #T_dd6a93ee_e868_11ea_99c9_bd1473c30158row0_col13 {\n",
       "            background-color:  #b0b0ff;\n",
       "            color:  #000000;\n",
       "        }    #T_dd6a93ee_e868_11ea_99c9_bd1473c30158row0_col14 {\n",
       "            background-color:  #9696ff;\n",
       "            color:  #000000;\n",
       "        }    #T_dd6a93ee_e868_11ea_99c9_bd1473c30158row0_col15 {\n",
       "            background-color:  #9d9dff;\n",
       "            color:  #000000;\n",
       "        }    #T_dd6a93ee_e868_11ea_99c9_bd1473c30158row0_col16 {\n",
       "            background-color:  #b7b7ff;\n",
       "            color:  #000000;\n",
       "        }    #T_dd6a93ee_e868_11ea_99c9_bd1473c30158row0_col17 {\n",
       "            background-color:  #ababff;\n",
       "            color:  #000000;\n",
       "        }    #T_dd6a93ee_e868_11ea_99c9_bd1473c30158row1_col0 {\n",
       "            background-color:  #8787ff;\n",
       "            color:  #000000;\n",
       "        }    #T_dd6a93ee_e868_11ea_99c9_bd1473c30158row1_col1 {\n",
       "            background-color:  #0000ff;\n",
       "            color:  #f1f1f1;\n",
       "        }    #T_dd6a93ee_e868_11ea_99c9_bd1473c30158row1_col2 {\n",
       "            background-color:  #9c9cff;\n",
       "            color:  #000000;\n",
       "        }    #T_dd6a93ee_e868_11ea_99c9_bd1473c30158row1_col3 {\n",
       "            background-color:  #a1a1ff;\n",
       "            color:  #000000;\n",
       "        }    #T_dd6a93ee_e868_11ea_99c9_bd1473c30158row1_col4 {\n",
       "            background-color:  #b0b0ff;\n",
       "            color:  #000000;\n",
       "        }    #T_dd6a93ee_e868_11ea_99c9_bd1473c30158row1_col5 {\n",
       "            background-color:  #7d7dff;\n",
       "            color:  #000000;\n",
       "        }    #T_dd6a93ee_e868_11ea_99c9_bd1473c30158row1_col6 {\n",
       "            background-color:  #e0e0ff;\n",
       "            color:  #000000;\n",
       "        }    #T_dd6a93ee_e868_11ea_99c9_bd1473c30158row1_col7 {\n",
       "            background-color:  #a1a1ff;\n",
       "            color:  #000000;\n",
       "        }    #T_dd6a93ee_e868_11ea_99c9_bd1473c30158row1_col8 {\n",
       "            background-color:  #9c9cff;\n",
       "            color:  #000000;\n",
       "        }    #T_dd6a93ee_e868_11ea_99c9_bd1473c30158row1_col9 {\n",
       "            background-color:  #9e9eff;\n",
       "            color:  #000000;\n",
       "        }    #T_dd6a93ee_e868_11ea_99c9_bd1473c30158row1_col10 {\n",
       "            background-color:  #7070ff;\n",
       "            color:  #000000;\n",
       "        }    #T_dd6a93ee_e868_11ea_99c9_bd1473c30158row1_col11 {\n",
       "            background-color:  #8b8bff;\n",
       "            color:  #000000;\n",
       "        }    #T_dd6a93ee_e868_11ea_99c9_bd1473c30158row1_col12 {\n",
       "            background-color:  #8d8dff;\n",
       "            color:  #000000;\n",
       "        }    #T_dd6a93ee_e868_11ea_99c9_bd1473c30158row1_col13 {\n",
       "            background-color:  #b9b9ff;\n",
       "            color:  #000000;\n",
       "        }    #T_dd6a93ee_e868_11ea_99c9_bd1473c30158row1_col14 {\n",
       "            background-color:  #7474ff;\n",
       "            color:  #000000;\n",
       "        }    #T_dd6a93ee_e868_11ea_99c9_bd1473c30158row1_col15 {\n",
       "            background-color:  #b5b5ff;\n",
       "            color:  #000000;\n",
       "        }    #T_dd6a93ee_e868_11ea_99c9_bd1473c30158row1_col16 {\n",
       "            background-color:  #b7b7ff;\n",
       "            color:  #000000;\n",
       "        }    #T_dd6a93ee_e868_11ea_99c9_bd1473c30158row1_col17 {\n",
       "            background-color:  #a0a0ff;\n",
       "            color:  #000000;\n",
       "        }    #T_dd6a93ee_e868_11ea_99c9_bd1473c30158row2_col0 {\n",
       "            background-color:  #e5e5ff;\n",
       "            color:  #000000;\n",
       "        }    #T_dd6a93ee_e868_11ea_99c9_bd1473c30158row2_col1 {\n",
       "            background-color:  #a9a9ff;\n",
       "            color:  #000000;\n",
       "        }    #T_dd6a93ee_e868_11ea_99c9_bd1473c30158row2_col2 {\n",
       "            background-color:  #0000ff;\n",
       "            color:  #f1f1f1;\n",
       "        }    #T_dd6a93ee_e868_11ea_99c9_bd1473c30158row2_col3 {\n",
       "            background-color:  #b3b3ff;\n",
       "            color:  #000000;\n",
       "        }    #T_dd6a93ee_e868_11ea_99c9_bd1473c30158row2_col4 {\n",
       "            background-color:  #e5e5ff;\n",
       "            color:  #000000;\n",
       "        }    #T_dd6a93ee_e868_11ea_99c9_bd1473c30158row2_col5 {\n",
       "            background-color:  #c7c7ff;\n",
       "            color:  #000000;\n",
       "        }    #T_dd6a93ee_e868_11ea_99c9_bd1473c30158row2_col6 {\n",
       "            background-color:  #dbdbff;\n",
       "            color:  #000000;\n",
       "        }    #T_dd6a93ee_e868_11ea_99c9_bd1473c30158row2_col7 {\n",
       "            background-color:  #c6c6ff;\n",
       "            color:  #000000;\n",
       "        }    #T_dd6a93ee_e868_11ea_99c9_bd1473c30158row2_col8 {\n",
       "            background-color:  #e5e5ff;\n",
       "            color:  #000000;\n",
       "        }    #T_dd6a93ee_e868_11ea_99c9_bd1473c30158row2_col9 {\n",
       "            background-color:  #dcdcff;\n",
       "            color:  #000000;\n",
       "        }    #T_dd6a93ee_e868_11ea_99c9_bd1473c30158row2_col10 {\n",
       "            background-color:  #d0d0ff;\n",
       "            color:  #000000;\n",
       "        }    #T_dd6a93ee_e868_11ea_99c9_bd1473c30158row2_col11 {\n",
       "            background-color:  #3636ff;\n",
       "            color:  #f1f1f1;\n",
       "        }    #T_dd6a93ee_e868_11ea_99c9_bd1473c30158row2_col12 {\n",
       "            background-color:  #d0d0ff;\n",
       "            color:  #000000;\n",
       "        }    #T_dd6a93ee_e868_11ea_99c9_bd1473c30158row2_col13 {\n",
       "            background-color:  #dbdbff;\n",
       "            color:  #000000;\n",
       "        }    #T_dd6a93ee_e868_11ea_99c9_bd1473c30158row2_col14 {\n",
       "            background-color:  #e3e3ff;\n",
